****   Dados LQR   ****

Matrizes
LQR->A(6,6) 
    1 0.004     0     0     0     0
    0     1     0     0     0     0
    0     0     1 0.004     0     0
    0     0     0     1     0     0
    0     0     0     0     1 0.004
    0     0     0     0     0     1
LQR->B(6,3) 
0.0001      0      0
0.1963      0      0
     0 0.0001      0
     0 0.0618      0
     0      0 0.0002
     0      0 0.3439
LQR->Cr(6,6) 
1 0 0 0 0 0
0 1 0 0 0 0
0 0 1 0 0 0
0 0 0 1 0 0
0 0 0 0 1 0
0 0 0 0 0 1
LQR->H(150,150)
LQR->F1(150,6)
LQR->F2(150,300)
LQR->F3(150,3)
LQR->G1(0,0)
LQR->G2(0,0)
LQR->G3(0,0)
LQR->K_N(3,6) 
-0.00365294    -1.01282           0           0           0           0
          0           0  -0.0135815    -3.69014           0           0
          0           0           0           0   -0.107104   -0.599888
LQR->G_N(3,300) 
-1.98813e-05     -1.95135            0            0            0            0 -0.000134176      2.15268            0            0            0            0  2.21105e-05     0.589292            0            0            0            0  6.48934e-05      0.16131            0            0            0            0  7.66045e-05    0.0441484            0            0            0            0  7.98096e-05    0.0120755            0            0            0            0  8.06862e-05   0.00329563            0            0            0            0  8.09253e-05  0.000892364            0            0            0            0    8.099e-05  0.000234698            0            0            0            0   8.1007e-05  5.48959e-05            0            0            0            0  8.10109e-05   5.9099e-06            0            0            0            0  8.10112e-05 -7.26483e-06            0            0            0            0  8.10106e-05 -1.06361e-05            0            0            0            0  8.10097e-05 -1.13237e-05            0            0            0            0  8.10088e-05 -1.12766e-05            0            0            0            0  8.10079e-05 -1.10284e-05            0            0            0            0   8.1007e-05 -1.07251e-05            0            0            0            0  8.10062e-05 -1.04067e-05            0            0            0            0  8.10054e-05 -1.00843e-05            0            0            0            0  8.10046e-05 -9.76067e-06            0            0            0            0  8.10038e-05 -9.43677e-06            0            0            0            0   8.1003e-05 -9.11279e-06            0            0            0            0  8.10023e-05 -8.78879e-06            0            0            0            0  8.10016e-05 -8.46479e-06            0            0            0            0  8.10009e-05 -8.14078e-06            0            0            0            0  8.10003e-05 -7.81678e-06            0            0            0            0  8.09997e-05 -7.49278e-06            0            0            0            0  8.09991e-05 -7.16879e-06            0            0            0            0  8.09985e-05 -6.84479e-06            0            0            0            0  8.09979e-05  -6.5208e-06            0            0            0            0  8.09974e-05 -6.19681e-06            0            0            0            0  8.09969e-05 -5.87282e-06            0            0            0            0  8.09965e-05 -5.54884e-06            0            0            0            0   8.0996e-05 -5.22485e-06            0            0            0            0  8.09956e-05 -4.90087e-06            0            0            0            0  8.09952e-05 -4.57689e-06            0            0            0            0  8.09949e-05 -4.25291e-06            0            0            0            0  8.09945e-05 -3.92893e-06            0            0            0            0  8.09942e-05 -3.60495e-06            0            0            0            0  8.09939e-05 -3.28098e-06            0            0            0            0  8.09937e-05   -2.957e-06            0            0            0            0  8.09934e-05 -2.63303e-06            0            0            0            0  8.09932e-05 -2.30907e-06            0            0            0            0   8.0993e-05 -1.98514e-06            0            0            0            0  8.09929e-05  -1.6613e-06            0            0            0            0  8.09928e-05 -1.33783e-06            0            0            0            0  8.09927e-05 -1.01568e-06            0            0            0            0  8.09926e-05 -6.98351e-07            0            0            0            0  8.09925e-05  -3.9866e-07            0            0            0            0  8.09925e-05 -1.63377e-07            0            0            0            0
           0            0 -2.28049e-05    -0.704671            0            0            0            0 -6.33802e-06       1.5461            0            0            0            0   9.9746e-05      1.00213            0            0            0            0  0.000168506     0.649544            0            0            0            0  0.000213073     0.421003            0            0            0            0   0.00024196     0.272868            0            0            0            0  0.000260682      0.17685            0            0            0            0  0.000272816     0.114614            0            0            0            0  0.000280679     0.074274            0            0            0            0  0.000285775    0.0481269            0            0            0            0  0.000289077    0.0311793            0            0            0            0  0.000291216    0.0201946            0            0            0            0  0.000292601     0.013075            0            0            0            0  0.000293497   0.00846057            0            0            0            0  0.000294077   0.00547003            0            0            0            0  0.000294452   0.00353204            0            0            0            0  0.000294694   0.00227629            0            0            0            0   0.00029485   0.00146275            0            0            0            0   0.00029495  0.000935849            0            0            0            0  0.000295014  0.000594737            0            0            0            0  0.000295054   0.00037405            0            0            0            0   0.00029508   0.00023142            0            0            0            0  0.000295095  0.000139386            0            0            0            0  0.000295104  8.01468e-05            0            0            0            0  0.000295109  4.21644e-05            0            0            0            0  0.000295112  1.79602e-05            0            0            0            0  0.000295113  2.68685e-06            0            0            0            0  0.000295113 -6.79776e-06            0            0            0            0  0.000295112 -1.25302e-05            0            0            0            0  0.000295111 -1.58307e-05            0            0            0            0   0.00029511 -1.75548e-05            0            0            0            0  0.000295108 -1.82572e-05            0            0            0            0  0.000295107 -1.82974e-05            0            0            0            0  0.000295105 -1.79087e-05            0            0            0            0  0.000295104 -1.72421e-05            0            0            0            0  0.000295103 -1.63957e-05            0            0            0            0  0.000295101 -1.54334e-05            0            0            0            0    0.0002951 -1.43968e-05            0            0            0            0  0.000295099 -1.33134e-05            0            0            0            0  0.000295098 -1.22017e-05            0            0            0            0  0.000295097 -1.10748e-05            0            0            0            0  0.000295096 -9.94284e-06            0            0            0            0  0.000295095 -8.81519e-06            0            0            0            0  0.000295095 -7.70188e-06            0            0            0            0  0.000295094 -6.61571e-06            0            0            0            0  0.000295094 -5.57468e-06            0            0            0            0  0.000295093 -4.60539e-06            0            0            0            0  0.000295093 -3.74815e-06            0            0            0            0  0.000295093 -3.06467e-06            0            0            0            0  0.000295092 -2.64983e-06            0            0
           0            0            0            0 -4.12351e-05   -0.0709038            0            0            0            0 -0.000170933     0.193757            0            0            0            0  0.000571371     0.137485            0            0            0            0   0.00109807    0.0975222            0            0            0            0   0.00147165    0.0691436            0            0            0            0   0.00173651    0.0489918            0            0            0            0   0.00192415    0.0346826            0            0            0            0   0.00205698     0.024523            0            0            0            0   0.00215087    0.0173104            0            0            0            0   0.00221714    0.0121907            0            0            0            0   0.00226379   0.00855745            0            0            0            0   0.00229652   0.00597986            0            0            0            0   0.00231937     0.004152            0            0            0            0   0.00233523    0.0028566            0            0            0            0   0.00234612   0.00193935            0            0            0            0    0.0023535   0.00129067            0            0            0            0    0.0023584  0.000832723            0            0            0            0   0.00236154  0.000510234            0            0            0            0   0.00236345  0.000283947            0            0            0            0    0.0023645  0.000125982            0            0            0            0   0.00236494  1.65373e-05            0            0            0            0   0.00236496 -5.84487e-05            0            0            0            0   0.00236469 -0.000108963            0            0            0            0   0.00236424   -0.0001421            0            0            0            0   0.00236366 -0.000162895            0            0            0            0     0.002363 -0.000174927            0            0            0            0    0.0023623 -0.000180737            0            0            0            0   0.00236157 -0.000182129            0            0            0            0   0.00236085 -0.000180384            0            0            0            0   0.00236013 -0.000176415            0            0            0            0   0.00235942 -0.000170867            0            0            0            0   0.00235874 -0.000164202            0            0            0            0   0.00235809 -0.000156745            0            0            0            0   0.00235747 -0.000148732            0            0            0            0   0.00235688  -0.00014033            0            0            0            0   0.00235632  -0.00013166            0            0            0            0    0.0023558 -0.000122812            0            0            0            0   0.00235532 -0.000113852            0            0            0            0   0.00235487 -0.000104838            0            0            0            0   0.00235445 -9.58148e-05            0            0            0            0   0.00235407 -8.68308e-05            0            0            0            0   0.00235373 -7.79367e-05            0            0            0            0   0.00235343 -6.91942e-05            0            0            0            0   0.00235315 -6.06827e-05            0            0            0            0   0.00235292 -5.25088e-05            0            0            0            0   0.00235271 -4.48188e-05            0            0            0            0   0.00235253 -3.78164e-05            0            0            0            0   0.00235239 -3.17862e-05            0            0            0            0   0.00235226  -2.7128e-05            0            0            0            0   0.00235216 -2.44036e-05
LQR->L_N(3,3) 
1.66457e-08           0           0
          0 8.57552e-07           0
          0           0 7.09615e-05
